rm -f error output test_aco_cu output2 error2 src/graph.o src/util.o src/ant_colony.o
nvcc -I./include -c src/graph.cu -o src/graph.o
nvcc -I./include -c src/util.cu -o src/util.o
nvcc -I./include -c src/ant_colony.cu -o src/ant_colony.o
nvcc -I./include tests/test_aco.cu  src/graph.o src/util.o src/ant_colony.o -o test_aco_cu
Hello
0: 0 633 257 91 412 150 80 134 259 505 353 324 70 211 268 246 121 
1: 633 0 390 661 227 488 572 530 555 289 282 638 567 466 420 745 518 
2: 257 390 0 228 169 112 196 154 372 262 110 437 191 74 53 472 142 
3: 91 661 228 0 383 120 77 105 175 476 324 240 27 182 239 237 84 
4: 412 227 169 383 0 267 351 309 338 196 61 421 346 243 199 528 297 
5: 150 488 112 120 267 0 63 34 264 360 208 329 83 105 123 364 35 
6: 80 572 196 77 351 63 0 29 232 444 292 297 47 150 207 332 29 
7: 134 530 154 105 309 34 29 0 249 402 250 314 68 108 165 349 36 
8: 259 555 372 175 338 264 232 249 0 495 352 95 189 326 383 202 236 
9: 505 289 262 476 196 360 444 402 495 0 154 578 439 336 240 685 390 
10: 353 282 110 324 61 208 292 250 352 154 0 435 287 184 140 542 238 
11: 324 638 437 240 421 329 297 314 95 578 435 0 254 391 448 157 301 
12: 70 567 191 27 346 83 47 68 189 439 287 254 0 145 202 289 55 
13: 211 466 74 182 243 105 150 108 326 336 184 391 145 0 57 426 96 
14: 268 420 53 239 199 123 207 165 383 240 140 448 202 57 0 483 153 
15: 246 745 472 237 528 364 332 349 202 685 542 157 289 426 483 0 336 
16: 121 518 142 84 297 35 29 36 236 390 238 301 55 96 153 336 0 
id 0 cost 4107.000000 cost' 4107.000000
id 1 cost 4545.000000 cost' 4545.000000
id 2 cost 4091.000000 cost' 4091.000000
id 3 cost 3834.000000 cost' 3834.000000
id 4 cost 4228.000000 cost' 4228.000000
id 5 cost 4205.000000 cost' 4205.000000
id 6 cost 3870.000000 cost' 3870.000000
id 7 cost 3477.000000 cost' 3477.000000
id 8 cost 4113.000000 cost' 4113.000000
id 9 cost 4292.000000 cost' 4292.000000
0 12 6 7 3 2 13 5 11 8 4 16 14 15 9 10 1 , cost=4107.000000
0 12 10 6 3 16 4 2 14 8 7 5 1 11 15 13 9 , cost=4545.000000
id 0 cost 3079.000000 cost' 3079.000000
id 1 cost 3292.000000 cost' 3292.000000
id 2 cost 3191.000000 cost' 3191.000000
id 3 cost 3293.000000 cost' 3293.000000
id 4 cost 3316.000000 cost' 3316.000000
id 5 cost 3306.000000 cost' 3306.000000
id 6 cost 3296.000000 cost' 3296.000000
id 7 cost 2964.000000 cost' 2964.000000
id 8 cost 2781.000000 cost' 2781.000000
id 9 cost 3317.000000 cost' 3317.000000
0 13 5 7 3 12 8 4 9 10 1 2 14 16 6 15 11 , cost=3079.000000
0 3 12 6 16 7 2 1 9 14 10 4 13 8 15 5 11 , cost=3292.000000
id 0 cost 2867.000000 cost' 2867.000000
id 1 cost 3691.000000 cost' 3691.000000
id 2 cost 3337.000000 cost' 3337.000000
id 3 cost 3543.000000 cost' 3543.000000
id 4 cost 3538.000000 cost' 3538.000000
id 5 cost 2888.000000 cost' 2888.000000
id 6 cost 3203.000000 cost' 3203.000000
id 7 cost 3477.000000 cost' 3477.000000
id 8 cost 3241.000000 cost' 3241.000000
id 9 cost 2416.000000 cost' 2416.000000
0 3 11 8 16 6 12 13 5 2 14 10 4 1 9 7 15 , cost=2867.000000
0 15 8 7 2 13 5 1 16 3 12 6 11 10 4 9 14 , cost=3691.000000
id 0 cost 3776.000000 cost' 3776.000000
id 1 cost 3318.000000 cost' 3318.000000
id 2 cost 3463.000000 cost' 3463.000000
id 3 cost 3377.000000 cost' 3377.000000
id 4 cost 2897.000000 cost' 2897.000000
id 5 cost 3632.000000 cost' 3632.000000
id 6 cost 3081.000000 cost' 3081.000000
id 7 cost 3022.000000 cost' 3022.000000
id 8 cost 3639.000000 cost' 3639.000000
id 9 cost 3410.000000 cost' 3410.000000
0 15 8 11 10 3 16 5 7 13 2 14 1 12 6 9 4 , cost=3776.000000
0 3 16 5 2 13 14 7 15 11 8 4 10 6 12 9 1 , cost=3318.000000
id 0 cost 3253.000000 cost' 3253.000000
id 1 cost 3811.000000 cost' 3811.000000
id 2 cost 3027.000000 cost' 3027.000000
id 3 cost 3283.000000 cost' 3283.000000
id 4 cost 3783.000000 cost' 3783.000000
id 5 cost 3711.000000 cost' 3711.000000
id 6 cost 3335.000000 cost' 3335.000000
id 7 cost 2998.000000 cost' 2998.000000
id 8 cost 3044.000000 cost' 3044.000000
id 9 cost 2806.000000 cost' 2806.000000
0 15 3 6 16 7 5 12 8 4 2 14 10 1 9 13 11 , cost=3253.000000
0 6 16 12 3 4 10 7 5 2 14 8 11 9 1 15 13 , cost=3811.000000
id 0 cost 3425.000000 cost' 3425.000000
id 1 cost 2817.000000 cost' 2817.000000
id 2 cost 3797.000000 cost' 3797.000000
id 3 cost 3735.000000 cost' 3735.000000
id 4 cost 2948.000000 cost' 2948.000000
id 5 cost 3687.000000 cost' 3687.000000
id 6 cost 2896.000000 cost' 2896.000000
id 7 cost 3437.000000 cost' 3437.000000
id 8 cost 3257.000000 cost' 3257.000000
id 9 cost 3402.000000 cost' 3402.000000
0 6 7 3 16 5 2 13 9 8 11 14 10 4 1 15 12 , cost=3425.000000
0 3 12 8 11 15 5 7 13 14 2 16 6 10 4 9 1 , cost=2817.000000
id 0 cost 2989.000000 cost' 2989.000000
id 1 cost 4196.000000 cost' 4196.000000
id 2 cost 3101.000000 cost' 3101.000000
id 3 cost 4046.000000 cost' 4046.000000
id 4 cost 2942.000000 cost' 2942.000000
id 5 cost 2943.000000 cost' 2943.000000
id 6 cost 3950.000000 cost' 3950.000000
id 7 cost 2964.000000 cost' 2964.000000
id 8 cost 3086.000000 cost' 3086.000000
id 9 cost 3436.000000 cost' 3436.000000
0 12 3 5 13 14 2 7 16 6 15 8 4 10 9 1 11 , cost=2989.000000
0 12 6 4 9 10 7 15 13 5 16 3 11 2 1 14 8 , cost=4196.000000
id 0 cost 3323.000000 cost' 3323.000000
id 1 cost 3198.000000 cost' 3198.000000
id 2 cost 3649.000000 cost' 3649.000000
id 3 cost 3162.000000 cost' 3162.000000
id 4 cost 3458.000000 cost' 3458.000000
id 5 cost 3075.000000 cost' 3075.000000
id 6 cost 3139.000000 cost' 3139.000000
id 7 cost 3362.000000 cost' 3362.000000
id 8 cost 2552.000000 cost' 2552.000000
id 9 cost 3396.000000 cost' 3396.000000
0 3 16 14 13 2 7 15 5 12 6 11 8 4 10 9 1 , cost=3323.000000
0 1 14 5 7 2 16 6 12 3 15 11 8 4 10 9 13 , cost=3198.000000
id 0 cost 3585.000000 cost' 3585.000000
id 1 cost 3127.000000 cost' 3127.000000
id 2 cost 3108.000000 cost' 3108.000000
id 3 cost 3791.000000 cost' 3791.000000
id 4 cost 3040.000000 cost' 3040.000000
id 5 cost 3297.000000 cost' 3297.000000
id 6 cost 3274.000000 cost' 3274.000000
id 7 cost 3957.000000 cost' 3957.000000
id 8 cost 3985.000000 cost' 3985.000000
id 9 cost 3497.000000 cost' 3497.000000
0 6 12 3 11 15 13 10 9 8 14 2 16 7 5 1 4 , cost=3585.000000
0 6 10 1 4 9 13 5 12 16 7 3 11 8 15 14 2 , cost=3127.000000
id 0 cost 2831.000000 cost' 2831.000000
id 1 cost 3861.000000 cost' 3861.000000
id 2 cost 3737.000000 cost' 3737.000000
id 3 cost 3553.000000 cost' 3553.000000
id 4 cost 3488.000000 cost' 3488.000000
id 5 cost 3065.000000 cost' 3065.000000
id 6 cost 3114.000000 cost' 3114.000000
id 7 cost 3879.000000 cost' 3879.000000
id 8 cost 3537.000000 cost' 3537.000000
id 9 cost 3616.000000 cost' 3616.000000
0 6 3 16 14 2 13 5 12 8 11 15 7 10 9 1 4 , cost=2831.000000
0 12 3 6 7 2 16 15 8 4 10 9 13 5 11 14 1 , cost=3861.000000
0 12 6 16 3 15 8 11 10 4 1 9 14 2 13 5 7  2416
pls
